4.78107
3.79091
23.567
17.3636
13.158
11.7024
13.6928
3.71456
21.2737
3.55643
6.1027
26.6149
4.3844
5.58915
5.02864
4.47986
26.1507
24.7964
3.51045
5.498
4.32052
11.4533
26.7461
3.81178
24.2918
24.601
41.0262
29.9665
18.3164
25.2304
28.8286
23.5643
16.5712
17.4959
18.8482
21.8051
26.4421
23.6783
24.6662
29.2729
29.6973
31.5147
29.9877
17.4952
31.9977
26.9895
30.0346
29.8451
23.2982
10.3159
28.4267
16.5397
12.475
17.4361
10.7626
14.8947
19.8839
16.3758
24.365
12.2373
8.97825
7.00817
33.5423
10.0264
15.1172
7.04174
8.82955
6.67459
6.48189
8.68853
25.4953
29.846
33.3704
31.9598
33.7552
10.1858
6.32988
31.2582
27.6729
29.068
22.6839
23.7961
12.2766
28.3657
14.8346
21.4438
18.0329
12.8713
36.5273
4.7206
4.76441
13.704
12.4773
15.9389
19.0329
17.4525
15.6451
15.0094
17.169
10.2959
18.1047
16.2702
16.6134
17.8514
17.5086
19.3525
35.6706
17.0562
25.3744
19.3522
17.8873
19.1666
18.7959
19.0104
15.538
15.2118
14.4698
12.8717
14.8455
21.2032
7.32232
14.4652
16.6158
15.3991
15.1911
19.7531
14.7979
19.2995
16.0672
14.4427
16.1549
19.4295
13.9869
14.2018
15.8646
15.3546
19.1756
27.1453
16.3264
47.268
39.8337
34.4054
19.7312
22.4317
26.754
17.1856
20.602
17.7162
23.2985
20.9072
31.1763
15.3621
12.8297
13.5385
14.4777
13.666
14.2072
16.5394
17.3589
16.9479
9.91501
23.2394
18.6615
16.7791
12.5093
13.2834
15.2583
14.227
16.9856
15.1427
18.9381
37.0973
8.88284
19.5938
11.7071
27.6283
6.04397
16.4094
28.9736
9.3421
15.1199
24.7921
22.8132
14.8609
17.7107
13.0676
17.2392
23.1946
18.9434
17.8865
19.075
17.1168
13.2099
13.4336
10.2679
18.2208
13.6867
19.3298
21.8137
9.20814
16.8681
22.5638
20.3374
21.4851
22.901
12.8601
14.3674
14.4361
2.60253
14.9582
20.1775
11.6542
18.769
12.8168
20.9551
44.062
12.1051
11.5169
14.3867
18.5721
27.34
11.3924
29.2386
20.9537
9.79089
18.5619
19.1769
17.8909
17.7111
21.3637
22.6005
17.8707
13.8948
27.0014
21.8303
28.6037
22.0931
28.7791
19.5442
24.6579
13.3949
11.9895
13.4643
5.35849
25.5095
34.7029
17.4578
11.94
14.8733
12.6167
17.109
10.9481
3.18292
14.8804
20.3408
16.7147
7.78161
8.07091
10.6755
5.85665
6.16236
15.7246
4.06011
8.09774
12.9033
21.8022
18.3296
45.4859
7.32946
23.1726
8.43227
18.4815
12.6301
8.59516
7.59854
6.97876
19.5946
19.9915
7.26342
4.74936
16.7788
14.4172
8.47076
11.6118
8.21242
22.6473
5.4721
11.3437
3.69223
8.03303
10.8262
17.3559
4.19558
5.20767
2.23273
7.19845
17.4211
18.2391
10.1611
9.70872
18.4098
21.0079
13.3744
17.7125
9.95683
10.8916
16.4968
17.493
5.77916
11.2093
10.0153
13.4674
7.96925
9.73438
10.677
45.5588
14.4139
7.93921
20.2024
10.58
5.52577
17.9552
32.1827
12.7502
6.99857
8.59615
9.02316
29.035
22.159
9.01577
13.1734
15.5382
12.1502
16.9383
13.6048
4.64662
6.06282
21.5815
15.2161
9.08688
10.0145
6.95738
8.53803
10.6859
9.74223
9.22628
10.5953
12.0423
9.15609
6.95421
13.9374
7.77552
18.324
19.989
10.1656
8.29564
10.7061
15.5747
13.3689
18.9113
7.62094
14.942
6.93201
7.61118
15.9725
43.0508
9.65065
7.48697
7.44317
19.6462
7.73475
25.2615
7.52237
13.2028
10.3008
12.9061
36.7316
19.1967
21.0524
10.3546
8.71927
11.5793
11.3187
11.251
5.20624
14.0442
12.4631
11.4996
10.6379
5.89093
8.89214
4.50703
12.6008
20.7334
10.6966
6.02782
5.33438
6.52537
10.8048
7.71772
3.07253
8.39714
14.5315
4.66518
8.33918
4.66055
8.34794
24.3027
10.2782
7.38852
19.7489
7.8571
10.8421
5.39386
7.65597
7.52216
10.945
7.45227
19.4286
7.52556
8.89668
5.53755
9.6204
10.2635
13.3813
7.32335
3.87492
9.05612
19.054
18.7884
9.04124
9.2435
9.9408
6.37724
10.4956
11.5401
7.87416
5.74396
7.55306
9.40442
8.27132
8.26096
5.99522
3.93736
8.67923
8.69346
8.20325
9.94077
5.38738
12.1959
12.2526
6.19702
11.3477
4.26602
20.5854
10.9731
7.28067
7.68308
10.5608
8.79381
4.03024
4.52916
8.52181
36.9286
26.9992
2.70187
9.73437
5.01669
8.44331
7.70745
10.0044
11.1485
9.82378
9.48733
68.4246
6.5316
15.1007
17.966
10.7384
11.5396
15.3428
39.6815
16.4608
12.3058
7.53981
9.36358
26.4935
21.2111
5.2096
13.9948
8.14262
9.8299
4.1302
11.3013
12.221
4.33358
10.5796
10.2701
7.27407
12.1317
5.16484
16.2001
9.28418
13.8502
5.93852
8.62764
6.58597
24.6841
9.92363
9.80583
6.55585
12.0529
6.82732
4.59365
8.04728
11.847
3.21057
6.22848
39.6468
18.7674
7.24825
9.05717
8.30305
4.18998
5.82499
9.81549
8.399
17.9747
10.8649
4.78038
12.7901
4.64416
8.85267
4.97504
9.05661
10.6856
7.28797
30.7187
9.67169
11.6513
13.2964
15.0402
10.0166
16.4745
6.41229
4.51182
6.71897
36.1503
11.2796
11.6716
11.5741
14.1828
17.9503
23.526
4.52009
32.4709
2.79113
5.27979
8.41066
8.59441
9.88649
5.7789
10.3521
3.54782
16.9531
16.2116
5.42846
10.4097
4.48855
3.40076
11.9485
8.48146
11.4272
15.8516
14.6912
7.61408
10.5316
7.81273
7.27266
8.64345
10.2139
16.2212
16.9712
23.519
15.5129
9.34831
5.48239
5.72831
10.3
19.24
14.2228
16.8329
9.77445
8.58035
9.34309
9.91436
6.47983
9.00159
4.01766
7.90214
13.847
6.61975
8.39718
10.5155
20.4399
11.117
7.45782
15.0716
6.00369
7.77594
5.35072
11.8521
11.7634
9.4226
14.3073
7.40722
4.98332
8.64029
6.16929
12.564
13.7078
13.5698
17.8242
10.5403
3.14667
4.49974
7.36797
3.07391
4.84617
10.5189
8.89179
8.63975
10.3062
17.935
4.09318
21.1109
13.6527
3.77928
10.4902
18.5033
10.726
7.85714
4.86683
9.8941
12.3454
12.9431
7.31942
11.4616
14.7585
16.3269
15.9994
16.6141
7.3177
5.29531
18.7121
4.48571
15.5621
12.2302
5.49546
10.2035
7.68777
9.37017
5.5501
13.407
11.3171
8.16495
8.60782
11.402
14.5722
11.1156
7.98082
3.58433
9.75094
14.8188
11.2445
11.3661
8.89826
13.0788
12.016
10.5191
13.8834
13.2526
13.1675
9.21591
10.3344
11.9361
11.5419
7.36367
11.3893
3.98461
6.65607
36.2697
12.5578
7.92336
9.50252
11.2088
4.53193
14.678
9.15454
10.5825
3.73332
4.01167
9.55512
15.4381
7.55379
5.64524
16.173
7.52265
10.8231
9.68304
12.8699
13.4723
5.61169
13.5748
15.2332
9.11299
8.74444
8.05938
6.81144
14.5351
4.25449
12.9016
11.7086
12.7116
12.5709
12.0522
4.13071
10.22
8.39763
11.2633
10.3134
5.35459
12.9303
19.2207
13.6006
12.2887
12.7946
18.4172
9.54761
12.333
11.9281
12.0457
10.8112
9.77119
19.949
14.0844
7.87049
7.05234
9.3752
10.5431
11.0056
5.2124
8.39247
5.99296
7.20222
13.5732
11.4078
9.01925
7.95295
16.4389
4.98548
16.619
23.3759
27.9018
12.1087
13.988
17.54
10.586
8.85699
4.88429
8.07549
13.8469
3.72097
11.454
15.3051
6.30732
3.92224
2.39155
4.3694
4.86898
12.2856
9.78872
4.76233
3.11807
5.51088
5.22345
3.74969
5.96849
5.91144
6.89643
5.80183
7.03578
5.71859
7.08808
9.38251
7.52777
10.7829
11.0165
5.17683
15.6068
8.14369
10.642
10.388
5.92992
12.4889
21.3911
7.9117
5.59947
14.199
4.61346
5.8791
7.29779
6.4919
5.69224
5.2995
4.54467
5.08867
5.80668
13.1644
31.4611
19.1995
7.07518
18.3819
13.4402
18.8641
15.9954
7.72045
27.2627
5.11713
13.7508
9.05875
12.2297
9.99434
13.6722
15.5557
14.7024
15.8222
24.5919
20.7412
18.7002
19.2649
12.966
25.7463
14.732
17.8741
27.4943
22.7346
16.8619
17.0224
12.9265
26.751
21.3437
9.88151
15.1222
26.6749
15.4969
12.1186
6.33812
21.308
11.9597
15.2354
10.2664
13.1638
11.5534
11.0732
10.9229
10.984
23.0414
6.53479
18.0845
22.2924
9.76553
16.7847
22.7089
9.86724
9.56262
14.1192
7.58369
6.48239
10.2562
11.6842
6.79849
6.03976
9.92641
6.48645
31.0514
28.6356
12.4067
19.1502
9.26647
9.99309
10.9481
6.8322
25.4554
9.11498
14.5007
9.96416
18.2532
7.54985
11.0276
22.6049
26.7593
27.2094
10.6717
7.61785
9.04081
10.3019
21.249
23.8138
11.2187
10.606
12.9084
14.7113
16.2153
22.7588
12.0812
15.0295
35.052
39.0792
38.6547
31.1853
33.9467
36.7323
31.4696
20.4904
28.0733
17.4943
24.2442
20.5777
25.5868
24.7976
10.0082
14.0915
29.5288
25.3371
19.7093
19.6558
14.2951
17.7334
15.2776
14.1468
13.3837
7.78832
10.0892
9.65093
7.90451
15.0852
20.5881
18.6946
21.4172
16.6912
10.9844
5.10331
19.0653
17.191
18.3399
11.886
9.33665
15.8792
10.2409
16.9521
15.8871
31.5545
15.2437
20.8139
19.3758
14.2244
11.383
10.613
7.49598
14.7854
10.1101
8.81618
8.42752
9.52174
7.95375
2.88189
13.431
13.0744
11.1953
12.843
10.9957
13.8533
13.7235
12.8069
5.88523
6.45085
11.004
12.921
13.897
12.6226
14.4882
14.2281
12.7951
8.31214
14.7112
9.73645
15.2367
10.2337
12.1834
12.0879
12.9731
14.5004
11.6533
16.0124
13.3088
12.89
11.5622
14.3839
17.5519
14.9898
16.0831
15.9765
14.8526
14.7263
14.7582
9.93907
10.5731
28.5578
4.1764
9.16018
12.0365
13.2734
10.3393
11.1568
8.60128
8.15684
11.4961
12.9519
8.9742
10.7762
8.38695
12.019
9.06551
12.9112
6.50225
23.9787
12.0204
10.1352
28.628
13.9486
17.6844
45.1136
7.48286
20.7042
9.18977
16.0416
25.4813
14.504
9.59716
5.61599
5.56817
31.2895
25.3496
27.1591
37.4596
37.6819
25.4061
24.0644
23.7094
24.8508
28.1657
21.0922
5.1791
16.2409
29.3286
27.1315
23.6333
26.6129
15.7228
8.85253
17.8746
8.66345
26.4037
10.9597
10.977
6.94802
20.0187
17.6786
20.3423
17.0131
11.0689
2.34739
6.23807
18.2299
13.203
9.1802
4.84712
9.28456
7.40487
12.9571
14.9234
10.6573
31.2636
10.81
30.9158
8.34238
27.2956
7.22243
2.59487
30.3206
12.9256
21.1195
29.1987
20.4278
32.925
26.8762
43.2635
11.8791
13.7337
20.9342
11.4122
20.5708
12.4817
12.9011
9.11694
19.2958
26.3463
26.9402
12.7844
13.1137
11.7854
17.3844
27.1818
15.525
28.2602
15.6978
230.852
8.17976
10.9838
10.0342
10.4168
14.7399
9.49038
21.7293
23.0718
11.8738
8.30233
11.6845
12.7551
10.472
19.8906
19.4061
17.074
10.0633
7.3962
16.7464
17.4853
16.8629
9.92222
11.8516
13.0254
18.9389
22.4626
15.0468
31.2604
21.5868
11.8011
9.88674
15.8559
14.6197
20.428
10.077
11.7969
10.0928
16.4524
10.2384
36.0019
32.216
32.0721
33.9969
18.5489
26.3602
34.7239
36.6156
14.5042
15.8388
17.3844
33.1948
32.9913
32.8664
36.5347
10.8028
13.0633
17.7373
17.1973
18.669
27.1317
28.2301
19.804
10.4705
8.42788
16.3788
27.8772
37.8873
24.822
29.9216
11.9134
12.336
12.5468
12.3239
22.9002
15.2145
3.96159
10.4699
26.1669
4.94477
6.2249
5.55224
7.35435
8.42378
13.7031
23.2813
7.43388
15.054
9.52841
10.8701
10.5078
6.65307
7.41532
11.6188
26.6132
21.6404
10.9747
12.8696
4.47679
5.09189
16.8592
17.4878
22.4315
8.24087
4.65639
30.5261
21.5083
26.0755
4.60193
12.0814
23.7747
4.88619
24.9487
13.0783
11.1489
12.2382
14.8417
23.9958
9.61334
14.8734
6.30285
9.4897
8.1047
25.7968
27.7452
8.10424
10.9644
8.27422
8.85876
15.6075
17.7836
15.6548
11.703
5.19646
7.35771
25.6387
7.81182
6.15807
4.09739
3.95039
17.1129
6.16661
8.75644
5.99369
7.57508
3.36246
7.21226
5.52378
13.6244
4.88791
10.1321
9.0445
19.4613
7.66448
4.63222
7.28571
5.22571
3.46368
6.65957
7.59671
4.17498
4.25809
8.14773
23.3221
7.10935
2.6102
3.31587
15.9885
2.30058
3.92025
7.19476
6.2335
9.9274
4.80023
4.80598
3.63432
6.41995
10.8161
22.9179
3.4005
2.06708
4.57483
2.42987
2.34007
2.53101
4.79502
27.9325
4.27132
8.55473
16.9055
9.19916
5.4465
19.5227
7.16956
5.85612
14.234
2.78897
2.44347
6.43272
9.88184
2.50646
3.14748
3.62916
16.0304
5.3546
0.333054
4.4676
14.8828
0.783528
1.02746
0.651375
1.88208
0.721094
0.84519
0.186243
0.170623
7.51669
14.7554
0.204555
32.7329
1.4267
0.812427
0.529813
7.64473
1.27293
1.42183
13.6668
5.05769
4.19883
2.67646
2.78042
4.41508
20.7518
12.7238
3.8897
22.9828
3.94027
13.0997
4.81487
9.23993
5.83654
32.8791
2.01912
2.37713
5.13595
3.51448
4.71289
12.6314
3.52775
3.66099
2.45224
6.26132
6.13862
3.36825
24.9544
4.11464
8.54599
6.02476
8.90902
6.53144
16.33
3.28172
31.71
18.3717
6.64374
7.71432
16.9419
10.7624
14.9781
11.2274
16.6931
11.9206
21.2429
11.6161
12.8414
9.49723
281.525
9.2872
9.29805
9.89004
9.42407
30.4757
24.3673
28.588
24.3741
11.9311
6.94172
11.6479
38.0503
28.8006
24.4352
24.0824
9.88282
11.9657
13.8614
8.97438
7.357
9.8647
24.722
8.45932
7.99536
6.84535
10.168
31.3933
35.1677
28.0411
14.4772
12.3702
19.3796
16.5348
9.30279
8.38529
11.4252
9.79796
9.40855
8.50897
2903.5
3.23511
11.8566
15.4989
11.2659
25.7783
13.0022
6.57145
26.2751
34.5065
37.1065
5.15361
7.0301
21.5692
10.3121
3.62842
6.73142
8.66951
8.0031
28.7555
22.198
3.4529
7.0167
7.33493
2.66829
6.30932
12.6541
1.23252
3.55713
8.08497
4.92235
4.04989
14.1596
20.0544
49.8028
25.2553
18.8216
28.202
14.0669
2.80972
7.4738
14.8746
16.6717
11.4607
31.1743
16.8337
7.40257
8.62192
8.43275
10.2103
12.1508
10.8873
9.38657
12.9822
12.4391
12.3385
11.5137
14.4702
11.9515
12.6971
7.23972
7.26818
10.4635
7.2257
8.16178
11.9763
12.0078
14.5133
13.7113
13.4735
14.2843
22.185
14.2259
15.1188
19.6643
9.47737
5.58419
10.2329
7.04368
9.2247
18.6896
14.818
15.5476
6.01679
7.80969
6.54282
10.6075
8.06779
8.06328
10.0766
8.48139
9.40101
9.51681
12.7836
16.6866
18.9961
20.3043
22.4556
7.25147
7.11944
8.89655
22.3174
26.4595
22.6825
16.1682
15.9568
16.3942
16.2034
10.8549
11.9087
10.2014
8.8453
10.0974
11.1827
9.35208
13.2194
16.2798
14.9976
16.9812
17.5687
19.1556
17.8181
9.88697
10.5121
8.49844
17.2229
16.0601
15.7274
16.11
15.4732
14.2862
15.4239
15.6331
15.1664
12.9951
8.82021
12.95
13.1008
17.6778
19.5978
22.3827
22.1524
21.0525
23.5762
23.3573
23.3295
25.2452
24.8968
26.1777
25.9168
9.72499
22.0584
8.00176
15.9666
16.8456
17.5186
18.9633
17.4933
14.7185
6.46054
16.039
14.9764
15.0168
16.7472
15.7107
14.758
16.1137
16.5975
15.9508
17.5159
14.8832
9.39847
22.9486
24.2
27.3574
25.8563
18.6936
6.79394
9.29283
10.9184
11.7485
11.6065
12.1992
6.20109
7.23667
8.17178
11.6634
11.5443
10.4826
9.09005
8.49533
7.90359
8.75792
9.07661
7.90204
9.4909
15.5061
6.30531
10.1606
6.8656
8.68361
8.21128
5.91603
10.6082
7.21018
7.6798
7.96721
6.02153
9.1337
15.041
7.56092
9.91109
9.04916
2.581
6.49237
6.65816
9.665
7.91044
3.74644
7.26204
5.17563
4.67907
7.21564
6.53293
7.56603
7.42845
8.49207
8.69206
5.87796
4.46039
5.39603
22.9204
5.38535
6.68538
3.33603
4.06735
3.61555
4.08944
4.76825
3.34297
4.21694
4.87984
10.3362
6.97514
4.25599
6.74668
5.83453
12.3648
5.66108
5.58417
16.336
17.8823
12.8399
14.5429
14.6164
16.9891
14.3127
13.7326
16.3961
16.7852
9.14836
3.30675
23.0319
6.6358
5.42782
6.35845
24.3729
17.3094
19.235
8.6647
5.24073
19.687
22.1235
4.60094
6.6864
5.63151
22.7395
15.1038
14.2593
15.019
22.2145
14.2872
23.7913
5.7541
4.39932
8.93527
21.751
20.8511
5.42466
13.5982
13.8224
10.8278
24.7963
18.9755
13.0167
3.02204
9.87139
17.0689
3.05984
20.0155
6.23439
8.69017
7.48023
14.4362
9.85713
6.28154
5.07533
2.89089
18.0072
16.7042
20.1049
3.22455
20.5679
10.1782
7.22689
18.0977
7.10713
17.1023
18.4645
15.8052
4.87846
5.47424
13.7582
15.4284
14.3396
16.4625
17.4583
20.2991
5.76775
14.8704
15.1292
27.5675
23.834
22.5843
10.546
4.5439
20.0238
21.3368
13.6243
16.9883
7.41416
21.8456
11.2921
25.9886
5.14308
8.04246
9.41876
9.0865
9.79076
25.542
8.66772
20.9569
8.40302
10.2716
9.7094
17.9395
8.55617
6.41897
6.87194
10.1412
20.6604
9.11643
7.16433
9.78223
12.0664
14.3004
8.01356
8.64196
7.93156
22.9147
9.65451
25.6214
16.8151
22.1111
25.1866
9.46584
9.10518
9.64341
8.68069
8.12955
10.2777
15.3462
12.4486
10.7389
21.7023
19.5521
19.7357
9.82715
12.6482
20.4125
11.3177
9.62891
21.0784
5.23275
3.80154
7.20218
18.3546
11.9975
11.4884
10.6626
15.5613
15.0993
14.5678
3.93184
12.6019
11.4816
10.1043
10.8186
8.48237
14.1571
12.6786
9.2184
12.0802
23.4163
9.50125
17.7646
7.93268
6.95071
11.3013
6.07155
17.9428
11.9088
5.12346
6.97473
4.16159
12.3785
9.32427
19.9565
24.5086
7.69282
10.1178
4.58279
25.1713
15.5021
8.20101
15.1611
23.621
4.32904
15.8056
4.93924
4.07641
10.1378
13.5234
13.6302
17.5917
10.7082
9.63686
18.0934
17.1733
5.09958
13.6648
9.28486
25.9902
19.7955
8.85163
6.87045
6.73593
10.598
9.12847
20.0006
16.7037
13.2714
20.3349
5.8219
15.1527
10.0698
21.6873
17.3854
19.0387
19.037
13.4685
18.3647
20.2804
6.79177
13.1345
11.6514
11.2926
12.681
17.7989
17.0259
18.9779
5.67854
18.8501
16.4848
16.2199
17.2645
6.99263
7.59934
10.1522
17.4723
19.1746
19.7815
5.93533
10.3945
8.90072
18.0115
6.42316
23.145
9.459
10.886
13.7466
4.82738
14.0705
20.1633
4.97615
7.64336
6.42914
17.5067
8.62134
14.3774
20.3863
17.1527
8.27271
7.82307
16.4014
16.5003
23.3714
18.017
18.1498
19.1638
3.90936
29.8799
32.7276
4.44791
21.1429
17.5415
22.0994
15.8237
11.3111
4.02851
11.9114
16.368
10.1985
20.45
15.4352
22.2899
15.4588
14.8768
24.3336
15.4479
12.6431
2.63175
13.7877
20.2763
12.1844
14.2511
8.28418
16.0697
18.9189
14.7674
12.7632
5.2688
20.9449
6.67216
18.7669
31.2303
10.9305
9.74519
8.69442
21.822
11.0449
23.4797
11.9927
18.5225
15.9153
17.8021
7.67672
6.63709
5.2795
12.5429
17.6328
14.765
18.7525
19.4204
21.9925
23.6122
12.0851
17.0223
12.4911
19.7601
14.9805
20.195
15.8837
17.1695
19.2733
22.079
25.832
25.2348
7.97507
19.9747
21.1023
5.24114
19.1839
6.68988
12.74
15.5944
18.722
13.1843
10.7322
14.5566
17.9182
18.8221
8.48167
5.05264
33.9673
10.8433
4.88276
14.5587
19.3096
12.5793
14.1147
14.1195
8.59265
20.419
15.1292
13.0977
10.9045
16.4083
6.7425
14.6973
19.1371
14.5717
3.92427
23.8347
18.8056
23.7459
3.92011
11.527
18.4036
4.12828
32.1831
33.3102
9.97097
14.1832
26.5415
22.3544
25.4469
13.2754
17.0122
5.18856
8.32726
21.0187
20.4606
8.31049
6.68969
12.6861
16.8828
3.25559
10.0137
3.56706
18.378
4.34801
14.0133
13.3981
5.21358
14.4567
11.5693
12.3399
30.761
19.2121
30.6707
12.483
14.8964
11.9375
4.40347
19.2602
23.5757
33.833
31.1732
11.2049
16.5134
21.026
16.2196
5.64602
10.8837
19.9818
23.8427
4.87217
18.3338
15.1147
5.89731
9.59779
11.8619
21.418
10.7934
17.5076
12.6235
15.8703
29.4774
26.3183
17.2651
12.7149
18.9347
12.3311
18.0018
10.3913
16.0341
11.2898
41.7142
15.126
24.8926
27.2605
24.8857
13.6748
11.3306
13.728
10.5728
2.12136
8.22747
5.17304
17.8364
30.765
12.9485
12.7928
16.534
12.0241
22.5319
12.5184
12.2474
16.6424
3.69936
5.29338
5.32257
27.724
17.699
7.56108
17.9023
14.7916
7.89805
12.5518
19.3317
36.8267
18.4762
30.4556
30.0951
27.1857
22.1391
8.87957
10.518
20.0775
20.4405
20.1727
18.0215
23.8153
13.8655
5.83986
27.8853
11.7577
17.636
17.3756
22.447
17.1938
23.6433
18.7927
21.8483
13.0582
15.0164
9.38041
10.8994
7.63029
22.9967
28.0889
17.5127
17.5405
9.82818
22.2263
8.85069
13.877
36.9692
38.2568
29.4543
28.9862
16.7645
7.65737
8.29155
6.50239
22.417
12.0835
18.3907
26.677
12.9154
18.2704
10.8486
16.7327
26.2723
25.3018
18.8911
7.20156
9.30577
13.4874
13.6684
13.7421
17.2434
13.1428
13.328
19.9965
11.2919
28.5546
4.02
9.46061
14.1605
17.4677
36.1716
11.9553
9.31121
19.8132
5.19102
17.6413
34.9339
35.8587
30.9403
7.9798
6.49748
21.062
8.81423
14.38
32.1237
16.3882
15.3808
11.8209
8.66745
16.3882
18.7123
9.1998
22.5125
13.5219
11.1491
9.30513
20.2607
26.3047
10.7429
12.041
7.70193
12.8379
8.66251
4.625
20.5358
24.8755
17.5111
11.2345
16.6955
7.64441
27.9091
24.6806
29.0631
19.0487
24.9252
54.0608
10.6648
16.8349
27.704
9.0733
22.0538
20.1509
7.50657
16.0638
22.915
14.9574
5.00631
11.1101
11.5167
16.5357
31.5019
8.2502
10.7905
14.6695
10.1935
16.2321
25.7015
22.8449
12.1467
11.978
7.95165
21.9918
22.9458
4.99002
10.607
7.56438
9.40052
3.82187
9.35362
3.78634
8.37599
6.34098
6.60582
43.9505
20.2531
20.7856
19.1699
14.1286
9.81732
6.21563
32.1633
14.223
3.12238
21.2537
35.1951
18.1477
13.1164
13.5671
8.13784
8.5644
27.4453
9.20371
30.4682
18.6931
29.3737
25.8396
8.47593
13.4117
4.85271
6.08173
32.6588
15.3448
36.1864
22.0736
24.1634
26.2609
8.88268
21.4853
6.14261
33.5823
27.4794
26.621
29.8586
30.1732
29.9395
37.3882
6.31711
25.1041
12.3823
5.61301
6.13693
24.2478
5.97693
20.9182
31.3021
34.1939
9.8906
17.1133
14.4074
20.8109
5.13123
22.0889
18.1633
33.5408
27.2385
21.8258
5.18357
26.6316
6.16064
1.55292
6.3777
29.1952
7.51008
14.4125
5.29098
34.5244
32.0231
22.1541
5.52823
9.18023
12.7772
9.94753
35.9851
9.8106
8.91872
22.4519
7.96071
11.8728
24.9414
29.3235
5.39467
10.2155
6.60073
8.39078
4.46153
7.41368
15.5328
16.6763
16.0086
3.14234
16.5172
4.04476
6.01511
4.77805
10.3134
5.29501
5.55434
2.83198
12.5466
3.5688
5.34995
16.6093
21.0957
7.89326
2.93321
28.326
18.0477
32.7066
31.6051
8.45278
8.38783
5.93197
8.42988
4.06915
5.36005
4.87518
21.2361
4.61885
6.76028
3.78836
6.88682
19.6681
27.6529
16.22
8.15823
6.88424
4.42439
5.46517
7.26335
6.83466
20.7905
20.8774
11.3705
7.10596
29.8098
6.42414
4.29873
5.57793
4.08088
7.92663
26.7346
23.7265
6.9764
7.27298
14.0673
16.5468
4.32603
7.08792
4.18297
4.64822
10.8891
12.7579
20.3718
16.8882
32.5762
27.4775
35.6229
8.17228
5.83399
7.91079
7.49126
10.265
3.76238
3.7597
5.69914
4.16989
3.32184
9.98476
3.93494
16.3834
14.2042
6.59529
3.57795
3.90321
8.14211
8.58453
4.45149
4.95923
6.43707
5.20157
5.68215
9.26377
5.85965
6.99059
9.58428
30.5478
6.95591
7.45883
9.76789
7.26613
5.59824
7.05631
7.26109
7.2086
7.02714
7.65893
5.71249
4.977
17.3321
7.04461
2.98826
7.58626
7.49036
3.24435
6.79711
24.2984
13.1546
36.3487
10.7121
13.0596
10.1696
10.0173
7.21006
11.5662
6.71679
11.3691
7.12717
10.6401
11.243
15.1968
12.7566
21.9281
10.1067
17.3672
16.9829
20.7472
24.8327
14.1562
14.2823
17.4176
16.9782
15.2147
14.4697
15.6479
14.9806
15.8167
17.4359
18.138
14.6831
13.9027
13.6673
13.7496
11.3381
11.5162
12.094
14.065
13.0203
15.7677
19.4934
18.3519
16.8752
14.0275
15.2008
17.4423
19.7809
15.7817
12.8282
18.3942
20.3147
19.358
16.1239
16.6711
19.3047
16.3228
13.3768
10.3995
18.387
10.8706
18.3731
18.046
8.82631
10.8393
12.7229
7.54927
13.0386
18.3969
11.2606
3.99454
17.0309
19.9224
19.3261
14.8148
10.3377
14.8469
25.474
23.1401
21.0386
16.0043
16.422
18.3721
15.9112
17.067
19.1857
7.65089
19.1234
21.4753
22.2833
21.4434
18.7579
16.8647
9.70754
6.66602
10.6168
13.1215
15.1474
15.5252
19.0796
14.7535
13.3847
21.5956
20.7547
21.6961
22.9464
14.4245
14.4516
16.6425
9.92972
12.3936
6.52025
5.93324
19.9811
16.6952
17.4886
24.3677
24.8217
24.2949
24.4609
25.7311
12.178
10.2208
10.6658
15.2441
8.80279
6.86731
5.39784
5.50539
11.2535
14.636
15.3318
13.7325
16.0374
16.2124
13.185
15.6748
11.6542
14.5597
14.4086
8.50417
11.3131
6.1225
11.1375
13.7752
6.85416
11.9385
5.58414
4.7755
5.4531
11.8096
14.7761
11.8088
11.7419
10.0523
10.0893
7.57762
10.058
7.96097
11.2857
11.1566
10.846
8.18
9.98838
6.44618
8.88376
14.623
4.91387
6.58303
8.68982
5.44527
5.89782
6.92881
8.36435
8.07322
9.01105
7.42038
8.11361
6.08159
8.52496
5.41841
4.18015
11.4478
5.90378
5.82986
7.75662
4.44022
4.30642
5.38195
4.12424
6.18695
5.76602
5.29056
6.70634
5.58805
7.78166
9.06432
6.38883
5.39351
6.03938
23.9656
18.6032
17.6671
19.8016
18.8887
5.17342
7.7543
8.55143
9.71278
8.82999
9.36793
9.11446
8.67265
7.84698
10.9613
10.4713
11.4066
13.2193
12.2659
10.3432
22.0747
18.3044
23.4836
12.8211
8.59822
18.6923
19.9375
17.3613
16.2912
11.6066
24.4015
20.8465
22.8132
21.5448
22.5927
20.8785
18.877
24.6452
16.8972
16.2637
20.0163
17.5178
24.6736
25.6727
26.9574
28.6559
29.9198
27.4421
20.0942
29.7644
24.8685
25.6358
9.5613
12.0554
12.4508
6.92373
9.91858
12.9324
13.8924
13.4581
9.39451
11.4092
13.5021
4.74656
14.3451
13.0745
6.0569
7.43321
21.6591
18.4734
22.1509
23.1164
25.5862
24.112
14.8867
25.6231
28.9212
19.1298
32.9163
25.9677
21.6871
27.0827
27.2431
23.6896
16.1921
22.2149
31.4955
17.024
22.3561
26.9525
31.7264
7.01519
12.1235
17.0109
22.9542
8.40524
17.5062
12.0276
17.9751
32.693
6.92599
16.6844
13.4766
25.0368
19.9493
19.7012
24.5139
19.5056
26.7962
6.92284
14.5554
18.0173
19.5589
18.8067
12.6531
20.2347
4.71558
4.28159
24.8364
24.1931
25.9879
16.3365
20.2759
28.4469
14.3982
25.868
18.9615
27.3311
6.40907
14.351
10.5666
4.43323
13.7647
18.2171
6.75905
18.5026
17.7122
8.10835
14.5242
22.0247
32.7771
16.5863
12.799
19.1138
17.0444
5.84678
18.1438
6.43319
7.52893
3.5944
3.2936
22.6115
32.0258
16.8473
18.373
24.0694
13.7558
33.7532
22.2335
14.612
3.41322
4.36584
24.8814
19.3834
9.97151
9.66784
3.81748
15.9154
15.5426
7.51832
25.4775
21.0336
11.4122
12.3064
35.5871
20.7418
22.2
23.1619
23.212
17.082
28.2618
20.0466
24.5001
28.2603
22.729
24.8108
26.6241
19.4837
33.4573
34.5275
23.184
31.8929
33.293
32.6736
13.3087
13.7074
15.4637
16.18
28.3394
19.5514
22.1014
13.8134
18.0154
8.86867
22.9691
14.894
11.9267
25.8987
12.5128
23.591
33.6487
11.5186
21.0514
29.4603
3.79111
28.9656
28.2616
14.819
18.0815
12.5798
12.1122
24.0841
42.7526
21.5865
9.08403
20.1127
24.2783
29.0279
15.5178
18.6386
10.0929
4.60618
15.2167
11.5123
16.6801
16.8447
14.9833
9.21735
6.38013
6.83985
7.56002
8.46342
9.96732
13.2696
9.95585
12.7399
14.0026
15.183
12.6972
12.5022
9.09999
13.9274
5.08817
4.3827
8.09804
3.97763
4.84011
4.65902
5.04767
4.58296
5.31725
6.00589
6.75322
17.2115
4.68508
6.71824
7.70445
5.96972
4.84404
3.58167
5.18188
3.20326
38.4896
3.89796
5.36882
8.70205
7.19728
5.05786
4.64689
3.99642
6.20736
10.4277
4.96243
5.22346
5.34097
4.60631
5.09559
7.82676
7.0911
5.73667
5.11486
6.61347
3.68393
4.55786
7.43988
6.46658
6.42469
4.80325
3.90926
4.03038
4.72878
3.65252
4.04246
4.83765
5.4145
6.66791
8.16106
4.76267
8.26743
6.41046
5.55464
12.9204
33.3742
3.89054
3.63456
16.3532
9.11778
9.81732
4.63898
7.18156
5.95071
9.16729
9.17691
7.1349
4.50305
4.72856
4.00618
18.5884
3.44475
3.57541
5.38977
9.39415
4.07372
3.76233
5.00669
1.82782
2.78704
2.59992
2.7694
2.6582
2.21908
1.87525
2.02505
2.80152
22.7971
14.9108
6.35999
5.40844
4.92136
0.064489
5.31323
9.61875
13.3568
9.1305
9.32304
7.21519
9.2706
6.85154
13.3623
9.04428
0.835965
7.19552
5.08045
0.140558
14.47
5.09548
8.31631
11.1856
5.07044
8.5564
5.90508
8.98735
6.88779
9.91944
16.398
9.31939
6.59994
18.9608
10.7975
6.11835
6.32415
5.74963
8.21505
7.296
8.38596
7.65407
8.09774
10.826
17.8789
5.26066
4.87611
15.3403
4.94373
4.1243
7.93204
5.31618
3.74255
4.49237
3.67797
13.9742
5.37687
7.13963
6.59499
6.49117
10.9759
16.618
9.17361
4.81177
3.386
4.51074
3.85196
5.35781
9.94795
10.2618
11.372
8.60772
17.4513
4.37588
6.0954
6.69781
1.39922
4.62141
6.90115
6.33625
4.32097
7.37705
5.5512
7.758
17.1366
6.64417
3.82702
4.23658
3.69336
9.99801
9.45651
14.0205
4.2161
3.76529
11.0504
6.67237
11.0626
7.3569
6.74757
7.2545
7.26281
16.1368
7.72236
8.20048
6.0262
13.3168
5.03413
5.58052
5.3619
16.0022
5.78893
4.03691
6.25708
9.37086
4.94167
7.60497
3.45249
8.23969
7.52872
12.5209
10.873
6.4296
3.97163
4.95109
10.9379
6.10897
4.18656
12.0463
4.85897
3.86711
4.21096
4.8444
5.67424
8.01048
11.4371
15.7413
9.86923
9.78721
6.17513
6.52868
13.3896
7.93574
7.0265
5.55414
7.46331
10.3175
10.4047
6.35182
5.53696
3.3057
8.36544
6.71706
18.8916
4.65953
4.44689
1.47722
3.55313
6.08091
4.11524
9.63716
7.41086
8.98416
7.49702
10.0655
10.6408
11.1897
7.39103
9.12011
6.55668
18.6457
13.6513
4.91255
7.22441
8.38896
6.95142
4.35935
5.24194
3.44982
7.69955
3.74577
6.61451
7.97622
12.0155
3.89734
6.82642
3.81803
5.87146
7.16161
13.6296
3.62472
8.71395
3.93536
6.47321
3.28113
15.6074
10.4541
5.47092
6.29575
5.54521
6.38928
4.72494
7.97958
12.6159
17.5601
8.33868
5.16612
10.5326
4.8132
5.94432
8.3672
5.43832
10.6193
5.10564
5.37354
8.0991
4.69112
13.0166
16.4792
7.46931
8.99329
7.69036
11.8463
14.9635
4.23119
3.51983
3.7816
5.09572
4.60529
6.52916
5.97049
3.29443
11.3141
8.1651
6.30054
5.00968
9.36829
5.04679
9.03541
7.22888
8.78022
6.1537
6.3502
6.50898
8.07125
3.71156
6.35173
11.1308
12.401
8.22625
4.72339
5.54451
7.22741
7.80694
12.1766
3.97932
4.40736
4.23892
6.09552
18.1218
5.23583
7.93012
13.589
9.82259
5.99644
4.39118
10.6243
7.70292
4.52026
4.75147
4.03638
6.73398
5.9343
6.11041
10.2023
3.51126
5.89566
9.25967
10.5683
9.68023
3.69151
4.45092
6.58141
8.85381
4.73642
5.27878
7.72898
3.97952
12.8835
7.91151
6.12917
12.6903
71.6825
7.54254
10.8354
9.31457
9.40742
9.75775
9.04201
9.03145
12.2833
12.0194
7.75921
9.15454
0.150119
12.0334
2.14851
9.10586
20.2112
12.0723
28.4629
10.3997
13.4514
0.733892
20.6524
11.4302
5.19089
3.19651
11.3976
8.62425
3.71964
3.74133
3.70872
2.30155
2.80831
8.83514
7.88931
10.3215
4.30184
2.22849
6.64003
12.9783
9.41902
4.26495
5.97786
8.87593
10.1159
6.82722
3.67352
7.6111
10.6094
5.3362
5.05258
39.5018
41.2548
3.0251
3.7102
16.344
5.89009
4.49336
34.0147
4.69875
15.6758
30.1152
36.4641
4.93335
31.001
9.99934
32.0253
38.1166
26.334
33.116
9.86761
23.9483
27.0124
31.2596
28.3573
29.8143
27.9217
27.8922
28.703
24.1042
16.1148
34.0722
29.1504
22.1176
23.9319
24.7566
27.4901
43.1474
20.3425
17.4408
8.77622
9.45329
13.1453
22.1782
9.16243
11.713
21.4962
18.0809
29.4051
21.9264
16.7656
18.8276
20.5879
22.2722
18.8174
15.0188
14.7827
17.3968
14.8034
15.2391
16.4581
17.1985
15.6009
16.4067
15.0187
15.0604
16.023
15.0615
15.9367
15.7539
16.1317
14.3686
25.7601
33.2053
14.9478
18.3097
19.0322
18.1953
15.3065
15.1439
13.3093
17.1287
15.9341
16.5179
15.2436
16.4361
17.3326
17.3302
17.0812
20.2967
18.2559
19.1772
14.8811
19.4644
18.2738
53.7022
29.4274
17.7027
22.6288
16.7205
13.0181
21.6874
24.8536
37.8221
35.6161
19.5243
13.5058
16.3305
13.4527
11.8763
21.259
23.697
5.95759
7.39651
31.7026
28.5682
21.8165
9.89762
39.816
17.8732
35.8213
5.50111
13.4668
35.9895
18.5919
18.6908
12.3068
8.05621
19.1743
26.9768
29.4751
15.0253
20.8866
7.32599
16.7872
22.8482
37.3329
10.8567
23.1484
25.6332
15.6584
9.33011
12.7641
23.4316
14.7049
12.6202
12.1009
12.4695
14.8562
17.6874
19.6982
3.82301
11.3541
6.61578
17.6519
17.8515
20.7425
17.35
35.8156
15.2505
27.6469
9.53711
31.8003
20.5317
10.8104
40.6813
29.2683
21.7475
10.5659
14.5268
25.613
69.3039
19.5845
15.2411
14.4509
16.2881
11.3061
15.9777
11.8003
21.7743
8.69792
14.5594
11.2624
25.855
23.5094
18.2617
6.79831
23.1679
11.7378
25.2746
20.5338
28.8175
10.2487
13.3806
7.17735
12.4084
9.78301
5.78483
35.0779
39.8602
37.5665
8.2218
18.024
6.26532
13.117
23.2272
13.9764
12.1711
31.5419
16.1544
7.2398
14.9506
17.158
23.3855
19.9123
16.5186
9.89398
27.2515
10.881
4.39184
10.1567
10.9205
13.3014
6.99523
21.7817
13.7805
42.7743
47.2049
14.4199
10.4618
11.6692
3.18942
14.8077
17.6608
3.10161
8.41526
22.8292
19.9527
5.91385
12.6215
23.2999
28.6444
9.82094
18.1426
3.75775
12.8043
18.196
13.2655
13.2384
12.9084
3.90483
4.01134
16.8844
4.02594
16.5055
10.3707
17.5196
10.9707
5.36981
14.6638
18.2182
5.36118
5.52407
15.9464
4.84525
19.5906
17.2719
15.954
10.3099
8.96313
7.75044
28.131
18.9163
32.4893
20.6977
19.9899
5.13581
4.41433
5.78661
22.1964
24.8316
5.22512
14.4528
6.11871
10.4588
21.0041
12.9722
15.8134
9.01893
18.3846
27.4139
16.0878
32.992
19.4151
9.56003
24.159
8.74432
5.44587
7.6602
7.91688
5.46678
10.5104
11.7915
22.4867
9.46253
17.1598
21.2944
16.5241
18.1738
16.7404
21.1506
13.874
44.89
35.4411
22.6816
10.9117
20.1944
11.908
8.62673
23.1791
20.2734
19.8832
22.1742
24.6692
21.3769
15.2988
4.60843
22.6747
22.2737
23.0732
24.6415
23.8643
22.571
13.3591
10.0593
26.8517
12.795
21.5252
30.8465
15.6162
21.4768
20.0401
19.9993
18.2374
19.9585
18.844
19.0316
18.3236
17.8169
17.3084
19.8539
19.0372
19.238
20.7125
16.8274
17.0024
18.7771
16.686
17.6886
17.8378
17.143
31.3859
23.8383
21.0375
17.3162
20.8376
14.1755
21.1657
13.9396
14.2182
14.3266
13.0855
13.1303
13.2131
13.3291
13.9332
14.539
15.3703
17.1949
14.3176
13.1926
13.9576
11.8352
12.0722
16.4001
15.7142
16.6696
16.7925
17.3205
17.2656
16.9611
16.5173
15.4605
14.9626
15.1218
13.0101
12.1349
16.2863
18.2804
18.2456
17.4408
18.1766
18.2141
17.7916
18.9498
19.9414
19.7768
13.6423
13.701
11.3465
14.8503
9.17498
12.8137
10.4193
17.559
18.9567
18.7104
17.8429
18.5474
19.5694
17.897
18.4214
16.3721
15.4926
12.2642
9.98583
14.7514
12.47
14.6879
50.2335
32.0126
16.8895
7.56471
10.7699
7.75993
9.84797
8.45542
8.60082
12.9177
9.62151
15.4314
15.7336
30.7675
13.7489
15.9514
17.5849
19.7243
20.1758
20.6298
23.2751
24.7975
25.9676
30.0237
32.5744
32.3959
33.3379
13.2718
27.1048
24.3286
30.1147
30.4838
26.714
29.259
23.6042
27.8597
25.9306
30.259
27.5361
23.9592
23.8818
11.1619
24.2847
25.6347
27.8045
21.0609
19.9091
26.8948
27.9262
19.3838
24.8183
25.9837
12.5458
14.076
26.1229
19.0314
24.3139
16.4407
17.6646
16.3812
24.0053
29.4997
19.1318
14.9554
25.3507
15.3282
0.19727
34.4374
40.9824
33.372
15.1653
21.7469
11.7278
11.1757
15.0891
16.7766
15.9446
13.545
1.30625
8.80921
16.3531
21.4336
13.9111
13.8443
17.2224
33.4086
13.5071
10.8478
16.1093
23.2611
9.87443
23.7645
22.1745
9.18325
24.9905
14.2736
10.7598
31.1243
58.7978
7.65636
36.4469
7.78693
7.72697
6.32084
1.82014
24.1412
15.485
20.9052
29.3488
8.07325
8.7691
27.4771
3.42047
10.3334
5.26666
10.8649
5.28327
24.2575
20.521
28.2624
2.67704
6.7164
2.83203
13.6706
51.1994
23.7383
27.5894
28.3024
31.7697
3.18956
5.28223
31.1455
3.78782
4.33282
43.3747
3.09506
18.5607
24.4812
35.9627
36.9599
37.9454
35.7665
4.97513
3.46598
2.90409
6.56875
7.77972
4.51729
26.2773
38.2986
0.442121
22.5939
25.0173
35.2605
2.6549
7.5681
4.94601
6.19744
6.72798
9.7601
41.4134
3.28919
7.67701
28.0091
25.0736
6.74583
33.4442
3.48553
40.4671
37.8823
1.65958
12.9044
1.68083
33.0007
44.2813
5.75361
4.12297
7.53744
6.90223
3.62865
39.8739
19.0513
38.8953
27.1287
12.9459
16.0694
4.24204
18.6061
7.88646
21.6612
30.6296
42.2724
47.2629
33.3529
15.7834
47.0999
17.2318
18.5528
0.92829
3.0849
39.7922
44.0947
51.6974
41.2263
17.1645
32.9936
12.5495
10.7782
8.61739
4.4911
10.5217
6.98529
13.7335
15.1667
13.6748
35.9711
23.4003
40.9344
6.2858
12.15
351.923
17.9251
17.9318
9.72943
14.8328
15.1173
13.3716
15.3513
16.3626
16.2318
17.0281
17.0942
17.1631
17.1875
15.197
22.7095
21.8276
7.2202
10.5055
11.31
12.6207
9.0697
18.0871
9.04463
12.6542
10.035
9.19074
15.8526
15.2665
15.2131
16.1839
11.5404
12.1377
18.6207
12.5977
7.81159
21.9117
3.98224
4.59058
17.6695
5.61759
6.48137
20.2935
2.48675
4.03136
14.2323
10.8644
12.2338
11.916
19.0201
21.5968
23.8829
23.0576
20.1019
8.54989
3.17646
23.5191
17.1072
21.3006
18.3469
3.06409
18.4568
25.952
19.0475
15.0853
23.0004
15.498
58.8845
19.5057
8.57976
9.15951
20.2526
3.71406
29.6153
10.2918
11.4951
21.7175
14.9727
12.5953
22.4715
24.2
19.3748
33.9942
4.62151
9.15979
9.14336
4.63806
12.899
15.0711
10.2886
22.4029
9.43074
6.66261
17.9023
20.4848
22.7983
7.46741
21.2667
14.1151
21.8595
19.8509
7.07676
20.1663
14.7481
8.9845
7.6254
6.5193
12.3638
14.2519
5.71117
10.4412
12.326
7.12655
5.90788
11.1987
5.59107
11.8078
5.75688
11.0465
7.37468
15.2276
17.9133
18.9235
12.3273
7.98079
13.2743
16.007
14.9983
14.6111
14.2375
13.1546
17.7945
19.2209
8.82865
14.8152
21.1533
20.4329
11.5557
25.1343
24.6611
26.8066
29.7268
20.539
20.404
15.1489
21.4458
13.2369
19.5608
17.7731
29.7679
14.7166
26.2207
27.3121
14.6775
14.9787
22.7541
24.8238
22.7674
17.8299
12.6256
14.3
14.5123
7.94677
21.1469
27.0015
19.2108
18.5101
16.7768
5.88769
5.82797
5.60605
4.25568
22.7559
4.92582
28.9754
14.0318
12.6587
28.9785
19.3802
11.1631
4.71763
5.39138
32.3112
7.6078
19.5003
6.50876
17.4525
14.3519
7.24193
12.6717
15.1543
13.2255
15.6516
13.5
33.1418
3.37829
4.38297
20.4782
10.7816
12.9272
12.3201
12.7447
15.6292
24.7661
17.9561
14.7051
11.2477
10.0532
11.6369
14.1794
9.03185
17.8033
27.9055
10.3981
13.5338
21.2282
18.3828
9.60877
28.9685
39.9011
32.0986
14.8309
9.80069
10.3448
14.0527
36.6244
27.5062
9.85117
5.97305
20.2402
10.3351
9.21773
9.73403
13.2557
11.8371
17.4697
13.4773
10.106
11.2036
32.1076
19.8799
13.8801
12.5196
12.449
12.8631
33.9065
10.4863
15.8272
12.2693
11.0285
12.6245
7.68017
11.5591
9.48997
9.36601
7.40798
10.7367
37.9791
29.9886
29.9939
10.7419
11.7183
9.07134
7.54395
3.03853
4.10823
11.2019
15.5201
11.9257
15.9459
5.54025
5.65564
26.8716
25.9518
26.5464
25.9528
25.5498
41.6367
23.8997
32.5261
26.2906
29.0656
15.7489
31.3419
23.0321
10.1452
23.8858
35.648
10.52
30.773
24.3434
26.4282
21.8705
29.2622
28.2358
44.5794
3.68204
6.71075
28.4328
9.24913
27.3986
15.0977
9.13383
12.2364
5.07881
8.72793
5.13
4.74983
4.96578
8.25577
7.96716
26.5018
6.31271
13.7874
37.1529
32.2229
18.8063
3.46574
13.2308
19.6713
5.90094
5.34865
9.02709
5.80787
11.3037
9.2454
5.08091
10.1096
28.3261
4.34691
4.29183
5.61501
5.43818
6.46759
7.69746
9.80005
19.5277
4.93141
5.31602
9.49724
5.8979
3.21234
3.86306
9.22401
5.61487
10.723
11.2367
26.7586
6.45142
6.01669
10.0024
2.96156
10.6036
26.8724
7.41215
30.8873
12.8516
4.13951
4.26898
2.75669
13.1823
5.97801
28.1915
13.9703
15.6201
16.1827
19.0714
18.0505
16.8778
5.48928
15.2405
13.8017
19.7624
14.8948
17.8632
18.7263
17.6347
19.0576
22.0763
24.6423
13.6199
16.5293
10.6203
13.975
19.8838
23.1188
15.6914
18.895
17.1886
17.1464
15.7643
4.03453
19.4631
17.0293
16.277
16.8961
16.8549
13.3766
16.615
12.7954
14.1006
14.1476
19.2229
3.47859
22.0164
16.6373
22.4578
8.28309
12.5072
4.17316
22.4574
27.237
27.7192
8.98376
6.43356
10.4385
10.0276
13.0032
10.5217
9.91844
12.9429
12.2573
6.76199
11.9046
5.27351
4.11543
5.03806
11.132
9.29903
11.7048
11.5723
15.546
11.1738
8.77375
8.97867
15.4644
14.0587
19.7311
14.1392
13.906
14.2314
17.4712
14.9273
13.717
13.6739
15.6538
14.2476
14.5647
13.898
10.8717
17.0347
14.0929
13.7108
11.8658
12.6479
12.6504
14.3029
13.3575
17.6734
15.7317
13.4124
13.5318
11.5295
12.6332
10.6054
13.8907
7.4908
16.2723
10.3696
10.5863
10.3967
10.8062
13.5708
11.1475
10.9751
11.4426
13.8742
11.7607
11.1903
11.0032
11.0719
7.16162
5.07316
10.3021
10.3723
11.9278
10.6255
10.9371
10.8098
11.9338
10.5356
12.2913
9.80993
10.3892
10.0824
10.9208
4.31255
2.79699
9.65337
13.9073
18.9331
20.3367
17.2075
18.8435
18.2383
14.278
15.8994
25.6357
16.4415
26.793
16.1733
29.7299
15.6768
21.8851
19.1405
15.0746
22.5774
23.0062
14.2855
20.4985
19.4977
21.3719
26.2788
20.9108
24.5049
14.8577
24.6382
24.4852
28.4184
20.3801
23.9503
24.5464
25.9307
25.5459
17.778
23.9788
24.3929
23.8423
4.70869
22.5185
22.8996
13.7122
21.5737
27.2617
24.5686
21.1142
19.8982
23.3691
19.0077
19.6128
3.4579
20.0359
23.8331
28.3416
17.7435
23.3155
21.8874
21.7785
15.7334
18.5594
18.5801
13.2097
15.1514
13.7312
18.4902
15.7734
14.0257
15.8839
15.3985
15.9467
16.7366
16.4891
12.1689
12.8136
14.686
18.4674
18.5314
15.6615
18.3417
14.501
14.8595
19.5029
15.0263
8.25694
14.3108
19.727
17.7086
8.91832
10.8444
16.8425
14.5914
14.5965
15.7183
17.0977
7.89763
11.5677
13.189
15.2463
23.0677
17.2801
3.51427
17.4285
23.4691
16.9634
21.3612
26.0822
21.5309
28.6608
226.931
21.7515
23.2947
19.9435
29.5957
24.4819
16.8663
27.4044
21.1133
24.3462
23.1321
21.578
18.8688
24.611
28.9931
36.2659
22.7105
25.2369
26.3481
31.8624
28.3675
36.7934
33.2034
28.357
19.6049
27.5992
27.7002
20.0315
8.69292
19.1706
21.146
29.2366
5.71661
16.3664
17.3999
25.0176
23.2764
20.7989
24.4603
15.9897
34.3624
7.80157
25.3639
22.1697
31.5164
31.9954
17.2434
15.1772
19.3746
23.6802
26.4463
20.7482
30.1761
33.3163
21.8295
17.1355
16.1611
27.9014
28.7584
19.4586
9.44107
24.3
31.8713
16.99
14.5892
32.3419
6.52751
3.5927
13.3153
24.4206
11.671
30.1789
29.7536
25.5365
26.7082
21.1137
23.7379
20.371
19.1685
30.1538
29.622
27.1003
19.8023
23.9428
21.849
33.0524
33.0061
15.225
21.8532
24.5873
27.7645
21.2929
18.2107
33.9433
14.3657
22.2212
29.7872
33.768
21.2584
18.9468
30.4587
21.9247
30.9981
6.90795
24.2496
23.2449
29.1388
16.5754
26.8327
20.5636
19.3437
20.8248
27.9768
3.86936
21.3264
26.9958
20.2679
28.5874
11.8892
13.7085
25.6518
27.0087
18.5668
19.8573
9.87332
23.0291
27.634
19.9074
21.183
24.0537
21.0409
26.2277
32.0281
32.1464
21.4114
21.5774
32.4316
34.2847
28.664
22.6062
22.9734
22.9762
22.0938
35.1031
29.8253
23.6938
26.8202
15.6673
23.5284
29.3558
20.0516
22.4469
32.329
31.6801
31.5155
28.2704
39.4554
17.6197
33.1216
27.0179
16.0718
36.7635
19.057
24.4938
25.8638
14.0315
32.0921
6.37007
24.7888
28.095
35.977
17.4392
19.3147
35.9837
14.5888
14.9039
24.727
30.3557
32.4488
37.9598
35.3808
6.44475
15.7374
38.9841
19.19
15.4261
19.8163
25.7915
27.4913
15.9428
29.3367
10.8817
10.9588
11.1312
11.1055
5.70382
9.10309
9.95037
11.0918
10.8869
10.9271
5.15104
9.5469
7.6774
10.4062
15.8614
10.8528
10.6768
12.3608
11.4397
12.0232
10.1154
10.226
11.487
11.5335
14.3097
11.9543
3.71209
14.0417
4.79164
15.3246
9.68259
10.6749
6.07982
18.1378
13.4044
17.9119
12.5867
12.7199
12.7235
3.28741
19.0995
4.674
4.78403
12.5248
17.9085
14.9537
17.0702
3.11653
6.52509
4.99697
3.75832
6.21765
8.04986
4.71073
5.13289
5.89781
6.57202
2.9204
3.3645
4.79029
15.0077
17.3584
4.76832
2.16381
5.18704
13.6658
13.4959
23.8289
6.49787
500.244
10.0799
19.7069
26.3646
7.83834
16.3986
18.6815
0.419787
7.73556
1.3134
10.7567
7.17882
20.6917
17.7939
9.33189
8.56624
8.76376
9.29446
5.4505
7.37782
9.76431
8.06867
7.53561
33.8168
4.38075
7.63799
9.5654
5.26514
4.5128
4.76996
18.5384
18.6999
10.5881
5.43037
5.88132
18.0028
8.27109
8.87637
16.693
8.45133
19.1259
4.7559
3.51018
19.1132
4.7353
6.48364
3.38134
5.43376
5.69323
11.1219
8.54015
22.95
5.24566
22.6181
4.64565
16.8509
17.1994
6.22936
5.97854
3.61837
5.64182
12.5045
4.33129
4.95355
6.9953
8.9375
8.27121
16.2135
20.4044
7.32287
6.5908
16.5234
16.071
4.96217
22.7965
23.3479
3.97172
13.8671
4.54507
4.73089
3.66494
4.96299
15.3115
17.1813
5.78946
7.06113
9.96146
6.87134
13.6291
4.90306
6.47692
6.45271
6.95496
6.94065
26.2507
3.8775
4.24112
5.24511
11.9272
4.00099
8.78731
11.3063
10.6445
13.5269
15.1637
3.80772
7.35988
5.47837
13.525
7.06611
5.08845
11.9624
6.12189
16.653
9.88411
18.1933
16.0391
3.23357
9.06474
10.3614
5.58192
5.76913
4.6832
16.7477
8.53333
5.92434
5.61529
8.50121
3.64792
4.06248
9.45738
7.34419
6.67479
11.5683
15.7666
8.53581
1.0754
13.6581
16.9246
10.1185
16.9662
33.7405
29.4056
13.3079
12.6161
15.5158
10.1176
11.3748
4.14106
9.34673
30.1294
6.48955
11.2193
5.46833
15.5405
3.1364
12.2814
4.73342
12.4657
7.77811
5.2433
3.16025
6.9783
6.96974
6.91337
6.63053
6.41971
17.1044
19.575
27.5589
28.6701
25.7649
25.3861
24.6207
26.1906
26.3732
23.0084
24.3712
37.8125
25.5253
23.4603
38.8064
20.8459
15.1404
45.5651
46.3733
13.1087
13.6843
10.4293
19.8862
5.31304
19.2502
12.865
12.368
29.5673
10.4394
13.2883
27.963
22.1451
12.4722
25.4247
10.8585
12.5794
15.4996
4.11028
9.36387
15.0596
7.27429
18.3115
13.8728
15.0393
8.83781
62.6168
7.70834
16.1923
11.5231
38.8858
15.9627
15.9552
6.92898
40.1028
7.29328
13.6037
13.6685
50.3012
23.1115
14.6233
2.27103
5.41232
14.2997
8.46634
45.3875
3.41649
16.5328
16.864
2.56917
12.4905
19.5809
17.4222
23.7281
7.8836
9.51806
43.1646
1.49084
3.77511
2.53685
25.5454
24.25
32.3707
9.7096
17.9012
25.1684
38.4672
16.8549
27.694
24.6546
17.405
6.74449
9.20513
15.7607
26.4082
9.6177
23.3637
17.0911
26.4264
27.2003
27.3605
14.4797
19.1664
13.2995
25.3186
9.05789
28.8711
15.7527
22.4766
16.5435
20.066
14.0415
18.5405
8.35063
14.6778
15.6765
9.7765
23.4436
23.7286
24.8565
25.9797
11.3332
10.9851
11.3918
26.3547
11.1712
18.6602
13.9299
42.0434
14.6324
16.6665
28.744
27.1263
27.1482
1.4395
23.8094
25.2795
23.4088
17.7894
27.1969
21.2299
26.7746
30.4013
26.3425
27.8978
24.441
23.0181
22.0276
21.6916
28.529
14.5854
12.3826
22.2032
24.7615
25.2244
18.6351
14.1091
21.6099
23.3011
28.6764
29.2555
10.8907
12.5945
5.289
8.66364
19.409
23.1884
17.8042
39.8484
31.4041
33.9855
22.672
22.5556
19.9965
1.84621
1.42464
28.1365
29.9799
3.58648
21.5495
36.2218
37.0348
35.4924
25.9517
2.87643
25.0025
3.15305
4.721
35.171
32.3946
23.4099
25.8722
24.696
37.8223
28.5465
3.99143
10.6069
10.8281
35.2097
11.7721
40.6149
43.4771
43.694
40.6481
26.5071
29.1602
9.22287
32.0208
34.7472
4.21924
17.8605
36.6041
20.6646
34.967
24.1617
20.2648
12.5063
12.9199
12.3544
13.7161
11.1506
11.3938
12.1066
13.192
26.1802
11.9334
12.9659
12.9614
6.72751
10.5266
13.7916
5.71182
10.2211
10.87
11.9274
15.0501
23.1463
6.10051
7.52985
12.8733
13.7156
13.8187
14.2105
21.2854
18.0367
10.8087
15.9204
14.9453
18.8895
3.80453
13.2355
16.1771
4.11659
11.8897
16.582
2.50221
11.2144
11.328
21.059
14.6521
11.7771
19.175
15.8617
13.6716
11.1733
8.65584
16.1472
14.8524
21.1576
9.7285
19.6478
7.38152
17.9905
18.1698
14.7066
14.1406
20.645
15.6402
18.402
20.6046
9.85873
8.97391
21.4535
9.8442
10.0081
8.57015
11.2793
16.1837
10.583
18.8615
20.5667
23.1461
22.908
24.64
27.5816
15.125
10.4749
39.9155
11.2945
7.57827
22.3866
19.8304
22.4235
2.63921
26.4809
5.72384
4.41084
7.92581
10.0188
6.98279
17.1458
19.9165
24.2718
25.5022
23.7957
5.1843
28.9895
24.3811
4.82025
15.5704
16.0176
14.5969
9.29919
16.2281
17.2801
14.783
14.313
13.647
8.73384
16.5614
16.1624
20.141
18.8632
8.91547
7.02216
8.35654
18.3393
6.53079
8.85674
6.55004
8.87474
8.51312
7.78894
13.074
63.217
18.0808
1.51963
16.119
8.21516
15.6388
17.7186
19.0107
14.3098
21.9299
14.1774
16.7558
11.5162
13.3839
14.2918
15.3072
13.1976
15.5612
17.0993
13.8908
16.9526
18.0881
14.6887
14.2523
15.3316
5.25526
20.2858
17.1214
19.7723
23.5047
18.7696
13.2965
15.8239
21.4436
28.3286
23.0758
18.7296
31.6818
25.0361
14.6346
25.6443
24.8956
24.9505
27.8699
16.0894
29.7935
18.6746
26.1408
9.52467
16.3539
24.4008
23.823
12.4758
14.1385
16.1828
7.97634
5.80405
6.3391
15.9388
5.31659
11.7789
6.53148
10.6156
10.673
10.0751
9.93964
17.7923
16.6048
11.0884
9.61155
10.1555
9.32928
11.8767
10.6215
10.4031
12.5823
8.83771
12.0389
12.3788
11.6231
12.2352
12.0388
18.0828
14.8376
16.4899
26.0602
4.28099
5.91328
15.2526
4.87401
26.3561
8.84702
11.4123
7.87477
6.94202
8.4248
5.54382
7.69624
5.30673
7.09703
18.4441
8.52222
7.57323
8.30688
8.23209
20.5779
6.17321
4.21648
13.1729
3.70695
7.03482
6.14359
7.92201
4.39904
19.8987
8.84056
5.35355
3.72084
15.3126
7.59313
2.84114
13.4583
10.3079
10.937
8.27238
16.2269
9.68778
14.5786
14.0469
7.91089
5.29994
27.8582
25.9184
28.3436
26.326
14.1355
15.8031
21.8508
15.9769
8.9771
8.18732
26.7322
12.2423
3.45111
26.781
12.3379
41.7925
16.4334
25.8428
12.1081
10.3879
16.0868
13.6874
22.5083
38.7085
33.115
13.1149
15.8054
13.4859
15.4795
7.17487
11.6988
29.9449
32.1273
45.3552
3.70066
16.9146
23.8116
20.8636
22.485
10.0513
35.5411
34.112
15.8053
17.8884
18.1776
17.9237
17.3395
11.2578
18.1106
14.2408
12.8605
13.5107
13.7729
13.0643
12.5654
13.5703
13.798
12.8885
10.42
12.3103
12.6829
14.2719
10.569
11.4427
11.633
12.1498
12.253
12.1895
14.4364
14.9518
13.4634
13.5704
12.7236
44.1558
21.7683
11.3439
9.35638
10.0881
7.75677
4.87215
9.49652
8.74795
6.65224
19.5778
3.60658
14.1446
5.58982
14.1542
13.1312
22.43
15.8266
19.5385
24.3661
18.9047
22.3359
6.7857
15.3087
16.2438
16.5394
15.8127
17.9686
16.5911
26.9601
17.3607
14.9535
15.6615
13.9393
13.4074
11.9652
11.8513
16.9339
15.8367
15.8274
17.4549
15.9478
4.93971
10.296
13.2905
11.4408
12.8838
10.611
10.2379
9.97018
13.0386
12.7119
13.4808
12.3204
11.5498
16.9275
14.5974
10.8214
11.8989
12.7283
13.3597
13.2079
11.4765
12.5112
12.5564
9.16138
15.0915
5.85955
4.24024
8.88789
11.9726
24.158
27.9811
32.7548
26.7723
19.2815
15.5138
21.2406
31.5744
36.7436
6.93489
20.4576
13.1476
14.9943
26.5913
31.2081
30.2641
37.4399
27.702
10.6227
27.2158
26.8981
22.8594
26.8589
27.163
28.3837
29.5034
11.3603
28.3279
14.857
39.4989
10.9025
11.6123
28.0971
29.2301
27.577
15.3319
27.829
15.9671
8.36331
18.3343
6.93613
16.5502
13.3171
15.9753
16.5965
18.3738
29.9879
20.6896
33.4955
30.7874
19.2257
15.0106
13.7706
21.0634
21.0015
21.9833
20.7548
23.2297
21.5254
22.4429
12.4155
13.1778
15.2919
12.2133
21.5326
15.3655
40.7112
16.4801
16.8319
16.0805
15.9516
16.6175
16.6486
14.8555
11.6013
12.6382
23.2397
10.8017
11.3867
20.3633
10.1816
10.4123
10.7238
7.53234
5.19823
14.0964
8.77392
8.41334
7.89962
7.68758
5.50244
14.6742
13.3415
11.6636
17.5037
16.7731
15.4489
17.2335
15.2727
15.788
22.0987
21.6326
18.4539
17.0044
15.2666
13.873
14.9591
15.6668
15.7094
15.0979
14.8294
15.5997
16.1602
13.2416
14.575
12.6382
14.1852
13.4752
13.4775
13.9148
10.6312
8.79137
4.75989
11.3755
8.13583
8.6102
15.3334
13.5193
13.3684
17.0055
24.0592
11.7561
11.8515
22.4515
22.3405
24.0545
11.7996
20.8685
29.9147
33.5308
28.2973
28.052
29.421
24.9304
26.6631
27.1578
25.6667
23.2024
0.0650161
26.2824
26.3496
27.4301
26.5629
27.4529
25.2485
15.1738
20.7877
32.4233
11.4919
12.9183
10.3804
14.6225
25.068
20.1389
35.428
14.994
16.0583
16.5614
13.669
10.3471
12.3626
21.1149
15.6247
25.0502
10.8348
16.2382
22.907
22.1616
20.9082
20.6533
17.5142
9.5716
11.4159
10.8285
11.3357
17.324
13.4684
8.41866
5.51445
18.6965
2.18132
26.7053
14.9324
11.5618
1.65134
5.00014
1.47592
27.9789
128.631
7.00994
3.15287
29.946
2.27182
2.31039
6.78995
14.8056
16.9551
25.4132
32.0198
24.9156
26.7517
36.4211
27.1909
25.9261
25.6928
27.0964
26.1176
26.0332
25.6032
27.9666
29.3238
26.9045
28.0541
18.4097
21.1667
16.9872
15.152
15.34
17.0586
17.3972
13.8002
26.2784
15.0024
11.8108
9.64754
7.51847
27.6345
29.0817
28.5445
